0.0000000000000000
3.1415926535897931
6.2831853071795862
9.4247779607693793
12.566370614359172
15.707963267948966
18.849555921538759
21.991148575128552
25.132741228718345
28.274333882308138
31.415926535897931
34.557519189487721
37.699111843077517
40.840704496667314
43.982297150257104
47.123889803846893
50.265482457436690
53.407075111026487
56.548667764616276
59.690260418206066
62.831853071795862
65.973445725385659
69.115038378975441
72.256631032565238
75.398223686155035
78.539816339744831
81.681408993334628
84.823001646924411
87.964594300514207
91.106186954104004
94.247779607693786
97.389372261283583
100.53096491487338
103.67255756846318
106.81415022205297
109.95574287564276
113.09733552923255
116.23892818282235
119.38052083641213
122.52211349000193
125.66370614359172
128.80529879718151
131.94689145077132
135.08848410436110
138.23007675795088
141.37166941154069
144.51326206513048
147.65485471872029
150.79644737231007
153.93804002589985
157.07963267948966
160.22122533307945
163.36281798666926
166.50441064025904
169.64600329384882
172.78759594743863
175.92918860102841
179.07078125461820
182.21237390820801
185.35396656179779
188.49555921538757
191.63715186897738
194.77874452256717
197.92033717615698
201.06192982974676
204.20352248333654
207.34511513692635
210.48670779051614
213.62830044410595
216.76989309769573
219.91148575128551
223.05307840487532
226.19467105846510
229.33626371205489
232.47785636564470
235.61944901923448
238.76104167282426
241.90263432641407
245.04422698000386
248.18581963359367
251.32741228718345
254.46900494077323
257.61059759436301
260.75219024795285
263.89378290154264
267.03537555513242
270.17696820872220
273.31856086231198
276.46015351590177
279.60174616949161
282.74333882308139
285.88493147667117
289.02652413026095
292.16811678385073
295.30970943744057
298.45130209103036
301.59289474462014
304.73448739820992
307.87608005179970
311.01767270538954
314.15926535897933
317.30085801256911
320.44245066615889
323.58404331974867
326.72563597333851
329.86722862692829
333.00882128051808
336.15041393410786
339.29200658769764
342.43359924128742
345.57519189487726
348.71678454846705
351.85837720205683
354.99996985564661
358.14156250923639
361.28315516282623
364.42474781641602
367.56634047000580
370.70793312359558
373.84952577718536
376.99111843077515
380.13271108436498
383.27430373795477
386.41589639154455
389.55748904513433
392.69908169872411
395.84067435231395
398.98226700590374
402.12385965949352
405.26545231308330
